.Random.seed <-
c(10403L, 624L, -169270483L, -442010614L, -603558397L, -222347416L, 
1489374793L, 865871222L, 1734802815L, 98005428L, 268448037L, 
63650722L, -1754793285L, -2135275840L, -779982911L, -864886130L, 
1880007095L, 463784588L, 1271615005L, 1390544442L, -544608653L, 
-251475688L, -326549447L, -1570483546L, 1965989103L, -784675228L, 
1458985493L, 2146317266L, -1103943381L, 289023600L, -436963407L, 
109630910L, 69979943L, 1606475068L, 1441346829L, -662821782L, 
-381252893L, -311574840L, 1918496297L, 289721302L, 507975775L, 
-209037548L, 1665646341L, -466864126L, 776139675L, 1704391200L, 
-162823263L, -1815571218L, 471685271L, 1503042540L, -9316355L, 
773770906L, 1304642387L, 1931157624L, -1378412519L, 965775622L, 
19361743L, 1561398212L, 1879269365L, 1049118770L, 1191074315L, 
508275152L, -1006204015L, -639295458L, 1060781575L, -724498788L, 
257177325L, -1004075830L, 323426243L, 602271272L, 1516224009L, 
-111500746L, -368663745L, 1624894580L, -1946665755L, -305830814L, 
-779330437L, 1251167616L, -2140893311L, 2068936526L, 1520009079L, 
-673505972L, 406802909L, -205928710L, 1641613363L, 1751721944L, 
454221817L, -2089418906L, 1121694383L, 1689254180L, -1984604715L, 
-781808494L, 1892940523L, 409525552L, -1134260367L, -2025809282L, 
823270631L, 1407180796L, 1755457741L, 783947050L, -213904221L, 
536857992L, 1791983081L, -1888114538L, -2091016673L, -1860292140L, 
-276190523L, 2041495746L, 293352795L, -2071504672L, 1489341281L, 
-1448769106L, -885320105L, -724939092L, -89408579L, 801828698L, 
-2096939757L, 1355079480L, -1942710311L, -1985176122L, -1593612913L, 
-2123393404L, -410764363L, 1470169330L, 1508641739L, 174702736L, 
1980138321L, 1530086622L, -412390457L, 826632540L, 1682639533L, 
709842314L, 1047101827L, -678208280L, 2040606153L, -1020403978L, 
2130970879L, -206624972L, 796133541L, -318747358L, 441089595L, 
1414206528L, 1684436801L, 291294222L, 1773804855L, 985411596L, 
-953215587L, -93698118L, 880402931L, 403064472L, -717996103L, 
-1580438490L, 1582729327L, 2024268772L, 149426581L, -61889198L, 
-1132557141L, -349809680L, -1813747919L, 1851072318L, -872535385L, 
1834590908L, -1060709235L, 1425982954L, -973382045L, -1401381816L, 
-657666647L, -803519146L, 1303503839L, 602197140L, 690968197L, 
-1194194558L, -1271974117L, -424247392L, -2076224735L, 1896824430L, 
-1915841513L, -1610038932L, 1514233725L, -139472870L, 359986899L, 
369450488L, 1175050137L, 1835887238L, -1718805681L, 1001447748L, 
-1453795467L, -158697038L, -289178229L, -1653172400L, -1258931439L, 
-1522652770L, -1534961273L, -1267430372L, -124936595L, -656382390L, 
1999481667L, 1820822440L, 1447714185L, 1037425590L, 1008676543L, 
-384359948L, -164391835L, 1513879010L, 1130520571L, 1419877120L, 
-1790435583L, 1398071502L, -349144329L, 1191707340L, 1281005917L, 
1471383674L, -517178445L, 244983128L, -1431478407L, -634939162L, 
1298079279L, -404582748L, -1068593835L, -1989575150L, -487399829L, 
-265123152L, 1949564657L, -1333369858L, -1833961369L, 1592665468L, 
1108824141L, 1812739754L, 1530423331L, 1368926984L, 1007803753L, 
-537550314L, 1929636255L, 916334420L, -336018875L, 1515590210L, 
-937690917L, -1562089888L, 1886968545L, 247837486L, -1852321321L, 
504493100L, -235748547L, -695373606L, 1859678355L, 832347320L, 
1259788121L, 563279686L, 1350865167L, -963318780L, -2126433483L, 
67416690L, 658812747L, -1640878576L, 1754641105L, 214290014L, 
339674951L, 1897819868L, -1881411027L, 1352283914L, -1756130045L, 
25328232L, 1343966537L, -703424394L, -149416833L, 735173812L, 
-1678319579L, 1312317090L, -560725573L, -1034493504L, -355891519L, 
-973490802L, -323184457L, -1082223220L, 1535237405L, -1135244998L, 
-1313811085L, 451200024L, -348242119L, -918059610L, 1437955055L, 
1293941092L, 1537788181L, -1049356590L, -437194709L, 1313702256L, 
622024369L, 43280574L, 48727591L, -1688377284L, -1873574899L, 
1419929450L, 1823945187L, -1910605368L, -731992791L, -1950040362L, 
-1458327713L, 336216596L, -744100347L, -688203006L, -1090356581L, 
-1882125024L, -718134623L, 1737025518L, -1000943721L, 1906697964L, 
1434445565L, -584855142L, -1192383917L, -766862472L, -887384295L, 
-1562557434L, -341195057L, 484161220L, -84062475L, 684698418L, 
-449863413L, -1822653232L, 950332049L, -1500892386L, -1805552377L, 
973279644L, -1376385555L, -767768630L, 949698243L, 1967401256L, 
-2032927479L, -1197206218L, 1169078847L, 1721718644L, -1669469211L, 
-1581938846L, 1033855867L, -735385472L, -55923071L, -1374991794L, 
1008629367L, 652208204L, 1751441629L, -1726985734L, -1345917133L, 
-878304552L, -1499013383L, -873713050L, 2098825647L, 52438052L, 
1186383061L, -1389400174L, -2026323477L, -331925456L, 776105585L, 
-650171010L, 1516557287L, 1432840956L, 255555533L, -1350477782L, 
1949809571L, -1597273976L, -1586283287L, 1615371158L, 1705063711L, 
-957801260L, 1006033349L, 1736467394L, -895304613L, 1144812512L, 
707471969L, 538500270L, -741634729L, 2105842092L, -660026691L, 
-600640934L, -579558381L, -422618568L, -1244129575L, -1374924602L, 
1354546319L, -112901756L, 1649224373L, -844405774L, -901492021L, 
-1011508336L, -1931222447L, 1196120030L, 1118413511L, -1578994596L, 
-1768171091L, 1585977482L, -1262180221L, 1720489960L, -634098487L, 
-766881290L, 2107842559L, 71275060L, 864597925L, -311201758L, 
1917093179L, -2132955328L, 581670465L, 273260302L, 1729500215L, 
-1075053812L, -1497127779L, 514050746L, -1523660557L, 1872642456L, 
-1398325575L, -19554522L, -1991549073L, 614665956L, -1388805995L, 
358320210L, 1217024939L, 1890561776L, -679393743L, 1766240830L, 
-1763188313L, 2144087484L, -493933683L, -580318998L, -1418066589L, 
-2007017656L, 1661963433L, -1438566314L, -563316001L, 435861396L, 
1084982661L, 78032002L, -591610341L, 384211616L, -1490816479L, 
-1657433746L, 766905111L, -462549908L, -1892848003L, 1685771034L, 
-2043847213L, 501930232L, -1156819303L, -1075831418L, 628978255L, 
-695104444L, -1024407947L, 458742962L, 943899787L, 905802320L, 
-1928160751L, -2083963746L, -52981625L, -75720932L, 1301114221L, 
-1237571254L, 630182467L, 874235560L, -369320823L, -809152842L, 
-1263188545L, 796036340L, 1557611365L, -1976428318L, 1313040123L, 
2133800448L, 1955347969L, -1317751858L, -1151110665L, -1922904628L, 
173942877L, 1037044602L, 464020147L, 361570392L, -1929421191L, 
1053019110L, 718127L, -1939293788L, 2062416981L, -2101845742L, 
1806017899L, 1115088304L, 680517105L, -1486162178L, 1982902119L, 
-850677636L, -301031603L, -15107670L, 205393699L, 60417544L, 
-1728865175L, 1986958614L, 154501279L, -1744891308L, -1115426491L, 
1731048770L, -1492090917L, 512721248L, 1138522593L, 60753454L, 
-2733865L, 153239340L, 1288557117L, -960793638L, 483907475L, 
-430106696L, 1249400409L, 353937990L, -810817521L, -276785404L, 
-391634379L, -90892942L, 1357575755L, -1326184176L, 552669649L, 
-1329340066L, 1621835335L, 1502706140L, -1769291475L, 1511586314L, 
1690090499L, -55462552L, 367823945L, 500501366L, -1062917249L, 
-755480652L, -735473883L, -1867415134L, 1666975931L, 1172274368L, 
-905140799L, 374114446L, 1187418039L, 1376018572L, 1190423581L, 
-1487598534L, 1559477363L, -1942831336L, -1754317255L, 678869158L, 
655903471L, -718199708L, 1536636949L, 1040579026L, -229984469L, 
-2008228752L, -382847567L, 1215036350L, 1979661607L, -1331301572L, 
-713436403L, -179131798L, 1346623715L, -1858390840L, -2099286999L, 
-1852788266L, -1682160033L, -1950995180L, 1312824581L, 131431938L, 
-1688338021L, 838281248L, -1206599263L, 940915438L, 938231447L, 
241250796L, -1521879555L, 330618010L, -885780141L, 1860572792L, 
-1814292967L, -1435109626L, 1963466191L, 1053974980L, 1597193717L, 
337841714L, -167974901L, -1151770672L, -264287855L, -486848994L, 
-874206201L, -1897849700L, -179055379L, -1965126966L, 202073539L, 
-1626446808L, 2110012425L, -382105546L, 926077247L, -1718566284L, 
356489957L, -642667934L, 55470715L, 195986304L, -1158886015L, 
-2087641778L, -687903369L, -1869565108L, -800690211L, -873280262L, 
1926288947L, 1649352152L, -608772615L, 414082406L, 70475951L, 
